The Little Red Bird
Once, in a cozy little nest high up in an oak tree, lived a tiny red bird named Ruby. Ruby loved to sing. Every morning, as the sun peeked over the hills, Ruby would chirp her happy tunes. Her songs were so sweet that even the sleepy squirrels would stir in their nests to listen.

One sunny afternoon, a big, fluffy cloud drifted across the sky and covered the sun. Suddenly, it started to rain. Ruby quickly flew back to her nest. The rain fell harder and harder, making the leaves on the trees dance. Ruby felt a little scared, but she remembered her mother's words: "Even after the biggest storms, the sun always shines again."

True to her mother's words, the rain eventually stopped. A beautiful rainbow appeared in the sky, painting it with vibrant colors. Ruby hopped out of her nest, shook the water from her feathers, and began to sing her happiest song yet. The forest seemed to sigh with relief, and all the animals looked up, smiling at the sight of the bright rainbow and the sound of Ruby's joyful music. It was a reminder that even after challenging times, beauty and happiness can return.

The Little Red Bird
Once, in a cozy little nest high up in an oak tree, lived a tiny red bird named Ruby. Ruby loved to sing. Every morning, as the sun peeked over the hills, Ruby would chirp her happy tunes. Her songs were so sweet that even the sleepy squirrels would stir in their nests to listen.

One sunny afternoon, a big, fluffy cloud drifted across the sky and covered the sun. Suddenly, it started to rain. Ruby quickly flew back to her nest. The rain fell harder and harder, making the leaves on the trees dance. Ruby felt a little scared, but she remembered her mother's words: "Even after the biggest storms, the sun always shines again."

True to her mother's words, the rain eventually stopped. A beautiful rainbow appeared in the sky, painting it with vibrant colors. Ruby hopped out of her nest, shook the water from her feathers, and began to sing her happiest song yet. The forest seemed to sigh with relief, and all the animals looked up, smiling at the sight of the bright rainbow and the sound of Ruby's joyful music. It was a reminder that even after challenging times, beauty and happiness can return.

